4294967278,39
4294967278,41
4294967278,40
4294967279,558
4294967278,403
4294967279,165
4294967278,164
4294967278,44
4294967278,43
4294967278,42
4294967279,164
4294967278,386
4294967278,49
4294967278,48
4294967278,47
4294967278,46
4294967278,45
4294967279,361
4294967278,373
4294967278,161
4294967279,161
4294967278,61
4294967278,60
4294967278,59
4294967278,58
4294967278,57
4294967278,56
4294967278,55
4294967278,54
4294967278,53
4294967278,52
4294967278,51
4294967278,50
4294967279,86
4294967279,85
4294967279,84
4294967279,82
4294967279,81
4294967279,80
4294967279,79
4294967279,78
4294967279,76
4294967279,74
4294967279,343
4294967279,336
4294967279,155
4294967279,154
4294967279,335
4294967279,151
4294967279,150
4294967279,149
4294967279,340
4294967279,148
4294967279,146
4294967279,143
224,6
4294967279,145
224,5
224,4
4294967279,144
224,3
224,2
224,1
4294967279,323
4294967279,540
4294967279,571
4294967279,285
4294967279,260
4294967279,286
4294967279,573
4294967279,139
4294967294,1413
4294967294,1013
4294967294,182
4294967294,193
4294967279,138
4294967279,555
4294967279,272
4294967279,136
4294967279,133
4294967279,135
4294967279,134
4294967279,283
4294967279,271
4294967279,270
4294967279,282
4294967279,329
4294967294,397
4294967294,408
4294967294,178
4294967294,148
4294967294,420
4294967294,406
4294967294,415
4294967294,183
4294967294,1014
4294967294,414
4294967294,443
4294967294,189
4294967294,451
4294967294,111
4294967294,109
4294967294,115
4294967279,530
4294967279,277
4294967279,354
4294967279,72
4294967279,70
4294967279,67
4294967279,554
4294967278,428
4294967279,263
4294967279,262
4294967279,273
65,2
4294967279,275
4294967279,347
4294967279,342
4294967279,274
4294967279,255
4294967279,254
4294967279,216
4294967279,253
4294967278,257
4294967278,342
4294967279,65
4294967279,64
4294967279,62
4294967279,60
4294967279,58
4294967279,55
4294967279,54
4294967279,51
4294967279,49
4294967279,47
4294967279,45
4294967279,44
4294967279,43
4294967279,41
4294967279,40
4294967279,39
4294967279,38
221,6
4294967278,343
221,5
221,4
4294967278,344
221,3
221,2
221,1
4294967278,427
4294967278,382
4294967278,255
4294967278,217
4294967278,396
4294967278,254
4294967294,387
4294967278,366
4294967278,337
4294967278,253
4294967278,250
4294967278,244
4294967278,248
4294967278,246
4294967278,245
4294967278,242
4294967278,240
4294967278,238
4294967294,393
4294967294,388
4294967294,389
4294967294,114
4294967294,120
4294967278,365
4294967278,235
4294967278,234
4294967278,423
4294967278,260
4294967279,37
4294967279,36
4294967279,35
4294967279,34
4294967279,33
4294967279,31
4294967279,30
4294967279,26
4294967279,25
4294967279,24
4294967279,21
4294967279,19
4294967279,18
4294967279,17
4294967279,16
4294967279,13
4294967279,10
4294967278,411
4294967278,422
4294967294,75
4294967278,226
4294967278,224
4294967278,221
4294967278,333
4294967294,1419
4294967294,1418
4294967294,2
4294967278,218
4294967278,219
4294967294,89
4294967278,216
4294967278,214
4294967278,392
4294967278,213
4294967278,211
4294967278,208
218,6
4294967278,210
218,5
218,4
4294967278,209
218,3
218,2
218,1
4294967278,332
4294967294,435
4294967294,128
4294967294,423
4294967278,291
4294967278,367
4294967278,379
4294967278,408
4294967278,204
4294967294,38
4294967294,36
4294967294,1
4294967278,203
4294967278,364
4294967278,202
4294967278,201
4294967278,198
4294967278,200
4294967279,200
4294967278,199
4294967278,363
4294967294,40
4294967294,41
4294967294,43
4294967278,197
4294967278,196
4294967279,196
4294967278,195
0,7
4294967294,1417
4294967294,45
4294967294,53
4294967294,416
4294967294,51
4294967294,198
4294967278,395
4294967278,377
4294967279,563
4294967294,5
4294967294,76
4294967294,46
4294967294,82
4294967294,85
4294967294,84
4294967294,185
4294967294,0
4294967294,436
4294967294,83
4294967294,107
4294967294,91
4294967294,90
4294967294,87
4294967294,86
4294967294,418
4294967294,150
4294967294,149
4294967294,29
4294967294,129
4294967294,28
4294967294,426
4294967294,44
4294967294,37
187,3
195,3
4294967294,96
4294967294,94
4294967278,426
4294967278,346
4294967278,0
4294967294,9
4294967278,191
4294967294,8
4294967278,412
4294967294,7
65,4
4294967294,470
4294967294,201
4294967294,18
4294967294,127
4294967294,14
4294967294,126
4294967294,20
4294967294,13
4294967278,330
4294967278,407
187,6
4294967279,189
4294967278,188
4294967294,30
4294967294,50
4294967294,472
4294967294,1015
4294967294,11
4294967294,81
195,5
187,5
198,4
195,4
187,4
4294967278,132
4294967278,131
4294967278,130
4294967278,129
4294967278,128
4294967278,127
4294967278,126
4294967278,125
4294967278,124
